[-257.67818878980654, 200.85767761830334],
[-128.90479314724027, 202.0283448514176],
[-92.59380526991566, 128.39773054462046],
[-1.2155738439310246, 109.36059899754032],
[109.0169813329228, 193.39927967692392],
[85.27263090463306, 91.29857283527805],
[17.180066935345405, 64.76900245763352],
[76.33260660674031, 39.300547876894036],
[171.48582290808613, 66.78925480839393],
[167.80654769266957, 14.052976720756448],
[88.0, -33.830951894845306],
[88.0, -131.9470452823391],
[131.47326093114972, -141.14331201777463],
[146.96719178678143, -86.9145540230637],
[236.94824627999927, -62.5631805194719],
[212.96917845388765, 32.36313315651488],
[270.0102218303999, -5.6642290944933205],
[293.99061142749804, -61.61847148772222],
[360.5452144701217, -104.25501406190303],
[317.1199136862675, -187.67730240983343],
[272.0, -137.92970526856408],
[272.0, -112.21343022093829],
[200.96097129297917, -158.38879888050184],
[169.43102371624602, -228.80568180187248],
[94.0, -191.09016994374946],
[94.0, -255.05205773182254],
[-2.162944704223813, -275.4159754338935],
[23.28159113437685, -125.8021047029216],
[-43.41981548683789, -110.26890042126885],
[-198.86050261059864, -185.0],
[-299.2532379570588, -185.0],
[-142.9849046274328, -47.52342827330372],
[-186.37486969225378, -51.86242477978582],
[-300.0621464677235, -120.85213974609651],
[-301.11449671852887, -168.20790103233807],
[-359.9572135635871, -165.75612116379398],
[-331.45856395413995, -10.596806623470513],
[-182.70718811903367, 60.989792997174376],
[-222.58087394748072, 68.80248128490504],
[-313.8910232121405, 30.900712077607086],
[-292.7355977703193, 85.45944084861965],
[-361.9120265375778, 101.87418665779963],
[-233.30627742481153, 151.1530251028783],
[-232.25375141875745, 126.94492696363453],
[-182.55084971874735, 136.0],
[-164.8818192743879, 136.0],
[-257.67818878980654, 200.85767761830334],
