9, 9,  62,  27
9, 8,  62,  27
7, 6,  63,  25
6, 4,  64,  30
9, 7,  65,  28
11, 8,  66,  29
10, 8,  67,  28
9, 9,  68,  29
10, 8,  69,  29
7, 5,  70,  32
9, 8,  71,  30
8, 6,  72,  28
11, 11,  73,  32
10, 9,  74,  35
10, 7,  75,  32
10, 7,  76,  34
12, 12,  77,  33
12, 7,  78,  33
9, 8,  62,  27
9, 9,  62,  27
7, 7,  63,  25
6, 6,  64,  30
9, 5,  65,  28
11, 10,  66,  29
10, 9,  67,  28
9, 9,  68,  29
10, 10,  69,  29
7, 7,  70,  32
9, 7,  71,  30
8, 8,  72,  28
11, 8,  73,  32
10, 8,  74,  35
10, 6,  75,  32
10, 6,  76,  34
12, 8,  77,  33
12, 11,  78,  33
8, 7,  79,  30
14, 12,  80,  34
10, 8,  81,  35
9, 9,  82,  37
14, 8,  83,  38
12, 11,  84,  33
7, 4,  85,  30
11, 6,  86,  37
13, 9,  87,  39
9, 9,  88,  37
12, 11,  89,  36
11, 7,  90,  38
13, 13,  91,  34
9, 9,  92,  42
12, 11,  93,  39
12, 11,  94,  40
14, 14,  95,  45
12, 12,  96,  44
15, 14,  98,  41
14, 8,  99,  42
13, 12,  100,  45