9, 6, 62, 27
9, 0, 62, 27
7, 0, 63, 25
6, 0, 64, 30
9, 0, 65, 28
11, 0, 66, 29
10, 0, 67, 28
9, 0, 68, 29
10, 0, 69, 29
7, 0, 70, 32
9, 0, 71, 30
8, 0, 72, 28
11, 0, 73, 32
10, 0, 74, 35
10, 0, 75, 32
10, 0, 76, 34
12, 0, 77, 33
12, 0, 78, 33
9, 6, 62, 27
9, 0, 62, 27
7, 0, 63, 25
6, 0, 64, 30
9, 0, 65, 28
11, 0, 66, 29
10, 0, 67, 28
9, 0, 68, 29
10, 0, 69, 29
7, 0, 70, 32
9, 0, 71, 30
8, 0, 72, 28
11, 0, 73, 32
10, 0, 74, 35
10, 0, 75, 32
10, 0, 76, 34
12, 0, 77, 33
12, 0, 78, 33
8, 0, 79, 30
14, 0, 80, 34
10, 0, 81, 35
9, 0, 82, 37
14, 0, 83, 38
12, 0, 84, 33
7, 0, 85, 30
11, 0, 86, 37
13, 0, 87, 39
9, 0, 88, 37
12, 0, 89, 36
11, 0, 90, 38
13, 0, 91, 34
9, 0, 92, 42
12, 0, 93, 39
12, 0, 94, 40
14, 0, 95, 45
12, 0, 96, 44
15, 0, 98, 41
14, 0, 99, 42
13, 0, 100, 45